image 500 500
viewport -10 -10 10 10 6.394 20
eye 0 0 5

sphere 2 0 0 2 255 0 0 100 100 100 50 200 200 200 100 100 100 50
sphere 0 -2 2 1 0 255 0 100 100 100 50 200 200 200 100 100 100 50
sphere 1 1 -1 1 0 0 255 100 100 100 50 200 200 200 100 100 100 50
sphere 4 -1 1 1 255 255 0 100 100 100 50 200 200 200 100 100 100 50

triangle 5 5 -5 -1 1 -5 1 4 4 0 0 0 0 0 0 0 0 0 0 0 0

plane 2 -5 1 -1 0 0 150 150 150 50 150 150 150 50 150 150 150 50

light directional 3 -10 60 255 255 255
light point 5 10 10 255 255 255